2,4
0
0
980
1080
0
1
1038
930
2,4
1
0
1038
930
1
1
980
1080
2,4
2
0
982
1080
2
1
1038
930
2,4
3
0
1036
930
3
1
984
1080
2,4
4
0
986
1080
4
1
1036
930
2,4
5
0
1034
930
5
1
986
1082
2,4
6
0
1032
928
6
1
988
1082
2,4
7
0
1030
928
7
1
990
1082
3,4
8
0
1030
926
8
1
992
1082
8
2
1730
1510
2,4
9
0
994
1082
9
1
1028
926
2,4
10
0
996
1082
10
1
1028
926
2,4
11
0
1026
926
11
1
998
1082
2,4
12
0
1024
926
12
1
1000
1084
3,4
13
0
1002
1084
13
1
1022
926
13
2
316
194
3,4
14
0
1020
924
14
1
1006
1084
14
2
828
852
2,4
15
0
1008
1084
15
1
1016
924
2,4
16
0
1016
924
16
1
1010
1084
3,4
17
0
1014
1084
17
1
1014
924
17
2
526
1054
2,4
18
0
1012
924
18
1
1016
1084
2,4
19
0
1010
924
19
1
1018
1084
2,4
20
0
1020
1084
20
1
1008
924
2,4
21
0
1022
1084
21
1
1006
924
2,4
22
0
1024
1082
22
1
1002
924
2,4
23
0
1000
926
23
1
1028
1082
2,4
24
0
998
926
24
1
1032
1082
2,4
25
0
1034
1080
25
1
996
926
2,4
26
0
994
926
26
1
1036
1080
2,4
27
0
1038
1080
27
1
990
928
3,4
28
0
1042
1078
28
1
988
928
28
2
838
1320
2,4
29
0
1044
1078
29
1
984
928
2,4
30
0
984
930
30
1
1046
1076
2,4
31
0
1048
1074
31
1
982
930
2,4
32
0
1050
1074
32
1
980
930
2,4
33
0
978
932
33
1
1054
1072
2,4
34
0
976
934
34
1
1056
1072
2,4
35
0
1058
1070
35
1
972
934
2,4
36
0
970
936
36
1
1060
1068
2,4
37
0
1062
1066
37
1
968
938
2,4
38
0
1064
1064
38
1
966
938
2,4
39
0
1066
1064
39
1
966
940
3,4
40
0
1068
1062
40
1
964
940
40
2
862
258
2,4
41
0
962
942
41
1
1070
1060
2,4
42
0
1070
1058
42
1
960
944
2,4
43
0
1072
1056
43
1
958
944
2,4
44
0
1072
1054
44
1
956
946
2,4
45
0
1074
1052
45
1
954
946
2,4
46
0
954
948
46
1
1076
1050
3,4
47
0
952
948
47
1
1076
1050
47
2
786
1068
2,4
48
0
952
950
48
1
1078
1048
3,4
49
0
950
950
49
1
1080
1046
49
2
1036
1090
2,4
50
0
1080
1044
50
1
950
952
2,4
51
0
1080
1042
51
1
948
952
2,4
52
0
1080
1040
52
1
946
954
2,4
53
0
946
954
53
1
1082
1040
2,4
54
0
1082
1038
54
1
946
954
3,4
55
0
1082
1036
55
1
946
956
55
2
1156
252
2,4
56
0
1084
1036
56
1
946
956
2,4
57
0
1084
1034
57
1
944
956
2,4
58
0
944
956
58
1
1084
1034
3,4
59
0
1084
1032
59
1
944
956
59
2
1048
1082
2,4
60
0
1084
1032
60
1
944
956
2,4
61
0
1084
1030
61
1
944
956
2,4
62
0
1084
1030
62
1
944
958
2,4
63
0
1084
1030
63
1
944
956
2,4
64
0
942
956
64
1
1086
1030
3,4
65
0
1084
1028
65
1
942
956
65
2
1732
360
2,4
66
0
1084
1028
66
1
942
956
2,4
67
0
1084
1028
67
1
944
956
3,4
68
0
1084
1028
68
1
942
956
68
2
1050
1078
2,4
69
0
1084
1028
69
1
942
954
2,4
70
0
1084
1028
70
1
944
954
2,4
71
0
1084
1028
71
1
944
952
3,4
72
0
1084
1028
72
1
944
952
72
2
1048
1078
2,4
73
0
1084
1028
73
1
944
952
2,4
74
0
1082
1030
74
1
944
950
2,4
75
0
946
948
75
1
1084
1030
2,4
76
0
1082
1030
76
1
946
948
2,4
77
0
1082
1032
77
1
946
948
2,4
78
0
1082
1032
78
1
948
946
2,4
79
0
1080
1034
79
1
948
944
2,4
80
0
1080
1034
80
1
948
944
2,4
81
0
1078
1036
81
1
950
942
2,4
82
0
950
940
82
1
1078
1036
2,4
83
0
1076
1038
83
1
952
938
2,4
84
0
952
938
84
1
1076
1038
3,4
85
0
1074
1040
85
1
954
936
85
2
1184
1170
2,4
86
0
954
934
86
1
1074
1042
2,4
87
0
1072
1044
87
1
956
934
2,4
88
0
1070
1046
88
1
958
932
2,4
89
0
1068
1048
89
1
958
930
3,4
90
0
1066
1048
90
1
960
930
90
2
1802
302
2,4
91
0
962
928
91
1
1064
1050
2,4
92
0
964
926
92
1
1064
1052
2,4
93
0
966
926
93
1
1062
1054
2,4
94
0
968
924
94
1
1060
1054
2,4
95
0
1056
1056
95
1
970
922
2,4
96
0
1054
1058
96
1
970
922
2,4
97
0
974
920
97
1
1052
1060
2,4
98
0
1050
1060
98
1
976
920
2,4
99
0
1048
1062
99
1
978
918
2,4
100
0
980
918
100
1
1046
1064
2,4
101
0
1044
1064
101
1
982
916
2,4
102
0
1040
1066
102
1
986
916
2,4
103
0
1038
1066
103
1
986
916
2,4
104
0
990
914
104
1
1036
1068
2,4
105
0
992
914
105
1
1034
1068
2,4
106
0
1030
1070
106
1
994
914
2,4
107
0
1028
1070
107
1
996
914
2,4
108
0
1000
914
108
1
1026
1072
2,4
109
0
1022
1072
109
1
1002
914
2,4
110
0
1004
914
110
1
1020
1072
2,4
111
0
1018
1074
111
1
1006
912
2,4
112
0
1010
914
112
1
1014
1072
2,4
113
0
1012
1074
113
1
1012
914
2,4
114
0
1010
1074
114
1
1014
914
2,4
115
0
1008
1074
115
1
1016
914
2,4
116
0
1006
1074
116
1
1018
914
2,4
117
0
1004
1074
117
1
1020
916
2,4
118
0
1022
916
118
1
1000
1074
2,4
119
0
1024
916
119
1
1000
1072
2,4
120
0
1026
916
120
1
996
1074
2,4
121
0
1028
916
121
1
996
1072
2,4
122
0
1030
918
122
1
994
1072
2,4
123
0
992
1072
123
1
1032
918
2,4
124
0
990
1072
124
1
1034
918
2,4
125
0
988
1072
125
1
1036
918
3,4
126
0
988
1070
126
1
1036
920
126
2
526
76
2,4
127
0
1038
920
127
1
986
1070
2,4
128
0
1040
920
128
1
986
1070
2,4
129
0
1042
920
129
1
984
1070
2,4
130
0
984
1070
130
1
1042
922
2,4
131
0
982
1068
131
1
1044
922
2,4
132
0
1046
922
132
1
982
1068
2,4
133
0
982
1068
133
1
1046
922
2,4
134
0
1048
922
134
1
980
1068
2,4
135
0
1048
922
135
1
980
1066
2,4
136
0
1048
922
136
1
980
1066
2,4
137
0
1048
922
137
1
980
1066
2,4
138
0
1050
922
138
1
980
1066
2,4
139
0
980
1066
139
1
1050
922
2,4
140
0
1050
922
140
1
980
1066
2,4
141
0
982
1066
141
1
1052
922
2,4
142
0
982
1066
142
1
1050
922
2,4
143
0
982
1066
143
1
1050
922
2,4
144
0
982
1066
144
1
1052
922
2,4
145
0
984
1066
145
1
1052
922
2,4
146
0
1052
922
146
1
984
1066
2,4
147
0
1050
920
147
1
984
1066
2,4
148
0
986
1066
148
1
1050
920
2,4
149
0
988
1066
149
1
1050
920
3,4
150
0
1048
920
150
1
988
1066
150
2
1424
938
2,4
151
0
1048
920
151
1
990
1068
2,4
152
0
992
1068
152
1
1048
918
3,4
153
0
992
1068
153
1
1046
918
153
2
868
1224
3,4
154
0
994
1068
154
1
1046
918
154
2
584
122
2,4
155
0
996
1068
155
1
1044
918
2,4
156
0
1044
916
156
1
998
1070
2,4
157
0
1042
916
157
1
1000
1070
2,4
158
0
1040
916
158
1
1002
1070
2,4
159
0
1040
914
159
1
1004
1070
2,4
160
0
1038
914
160
1
1006
1070
2,4
161
0
1008
1070
161
1
1036
914
2,4
162
0
1034
914
162
1
1010
1070
2,4
163
0
1032
912
163
1
1012
1070
2,4
164
0
1016
1072
164
1
1030
912
2,4
165
0
1018
1072
165
1
1028
912
2,4
166
0
1020
1072
166
1
1026
912
2,4
167
0
1024
912
167
1
1024
1072
2,4
168
0
1022
912
168
1
1024
1072
2,4
169
0
1028
1072
169
1
1018
912
2,4
170
0
1030
1070
170
1
1018
912
2,4
171
0
1034
1070
171
1
1014
912
3,4
172
0
1036
1070
172
1
1012
912
172
2
830
856
2,4
173
0
1038
1070
173
1
1010
914
2,4
174
0
1042
1068
174
1
1008
914
2,4
175
0
1004
914
175
1
1044
1068
2,4
176
0
1002
914
176
1
1046
1068
2,4
177
0
1000
914
177
1
1050
1066
2,4
178
0
1052
1066
178
1
998
914
2,4
179
0
1054
1064
179
1
994
916
2,4
180
0
1056
1064
180
1
992
918
2,4
181
0
1058
1062
181
1
990
918
2,4
182
0
1060
1060
182
1
988
918
2,4
183
0
986
920
183
1
1062
1060
2,4
184
0
984
920
184
1
1064
1058
2,4
185
0
1068
1056
185
1
982
922
2,4
186
0
1070
1054
186
1
978
924
2,4
187
0
976
924
187
1
1072
1054
2,4
188
0
1072
1052
188
1
976
926
2,4
189
0
974
926
189
1
1074
1050
2,4
190
0
1076
1048
190
1
972
928
2,4
191
0
1078
1046
191
1
970
930
2,4
192
0
968
930
192
1
1078
1046
2,4
193
0
966
932
193
1
1080
1044
3,4
194
0
1082
1042
194
1
964
934
194
2
1036
1082
2,4
195
0
1082
1040
195
1
962
934
2,4
196
0
1084
1038
196
1
962
936
2,4
197
0
1084
1036
197
1
960
936
2,4
198
0
1086
1034
198
1
958
938
2,4
199
0
1086
1032
199
1
958
938
2,4
200
0
1086
1032
200
1
956
938
2,4
201
0
1088
1030
201
1
956
940
2,4
202
0
954
942
202
1
1088
1028
2,4
203
0
1088
1026
203
1
954
942
2,4
204
0
1090
1026
204
1
952
942
3,4
205
0
952
942
205
1
1090
1024
205
2
806
1086
2,4
206
0
952
942
206
1
1090
1024
2,4
207
0
1090
1022
207
1
952
944
2,4
208
0
1090
1020
208
1
950
944
2,4
209
0
1090
1020
209
1
950
944
2,4
210
0
1090
1020
210
1
950
944
2,4
211
0
1092
1018
211
1
950
944
2,4
212
0
1092
1018
212
1
948
944
2,4
213
0
1092
1018
213
1
950
946
2,4
214
0
950
944
214
1
1092
1018
2,4
215
0
950
944
215
1
1090
1016
2,4
216
0
1092
1016
216
1
948
944
2,4
217
0
1090
1016
217
1
948
944
2,4
218
0
948
944
218
1
1090
1016
2,4
219
0
1090
1016
219
1
948
944
2,4
220
0
1090
1016
220
1
950
942
2,4
221
0
1090
1016
221
1
950
942
2,4
222
0
1090
1018
222
1
950
942
2,4
223
0
950
940
223
1
1090
1018
2,4
224
0
950
938
224
1
1090
1018
2,4
225
0
1088
1018
225
1
950
938
2,4
226
0
1088
1020
226
1
952
938
3,4
227
0
1086
1020
227
1
952
936
227
2
802
1074
2,4
228
0
1086
1022
228
1
952
936
2,4
229
0
1086
1022
229
1
952
934
2,4
230
0
1084
1024
230
1
954
932
2,4
231
0
1084
1024
231
1
954
932
2,4
232
0
1082
1026
232
1
954
930
3,4
233
0
1082
1028
233
1
956
928
233
2
1824
308
3,4
234
0
1080
1028
234
1
958
926
234
2
1824
308
2,4
235
0
1078
1030
235
1
958
926
2,4
236
0
960
924
236
1
1078
1032
2,4
237
0
1076
1034
237
1
960
922
2,4
238
0
962
922
238
1
1074
1036
3,4
239
0
1072
1036
239
1
964
920
239
2
1228
1096
2,4
240
0
1070
1038
240
1
964
920
3,4
241
0
1068
1040
241
1
966
918
241
2
572
258
2,4
242
0
1066
1042
242
1
968
918
2,4
243
0
970
916
243
1
1064
1044
3,4
244
0
970
914
244
1
1062
1046
244
2
1866
1700
3,4
245
0
1060
1046
245
1
972
914
245
2
1714
128
2,4
246
0
1058
1048
246
1
974
912
2,4
247
0
1056
1050
247
1
976
910
2,4
248
0
1054
1052
248
1
978
910
2,4
249
0
980
910
249
1
1052
1052
2,4
250
0
984
908
250
1
1048
1054
3,4
251
0
1046
1056
251
1
984
908
251
2
1598
348
3,4
252
0
988
908
252
1
1042
1058
252
2
1250
1008
2,4
253
0
990
906
253
1
1040
1058
2,4
254
0
992
906
254
1
1038
1058
2,4
255
0
1034
1060
255
1
994
906
2,4
256
0
996
906
256
1
1032
1062
2,4
257
0
998
906
257
1
1030
1062
2,4
258
0
1026
1062
258
1
1002
906
2,4
259
0
1004
906
259
1
1024
1064
3,4
260
0
1022
1064
260
1
1006
906
260
2
1188
1102
2,4
261
0
1018
1064
261
1
1008
906
2,4
262
0
1010
906
262
1
1016
1066
2,4
263
0
1014
1066
263
1
1014
906
2,4
264
0
1014
906
264
1
1010
1066
2,4
265
0
1008
1066
265
1
1016
906
2,4
266
0
1020
908
266
1
1006
1066
2,4
267
0
1004
1066
267
1
1020
908
3,4
268
0
1024
908
268
1
1002
1066
268
2
848
1160
3,4
269
0
1026
908
269
1
1000
1066
269
2
840
824
2,4
270
0
998
1066
270
1
1028
910
2,4
271
0
996
1066
271
1
1030
910
2,4
272
0
994
1066
272
1
1032
910
2,4
273
0
992
1066
273
1
1034
910
2,4
274
0
990
1064
274
1
1034
912
2,4
275
0
1036
912
275
1
988
1064
2,4
276
0
1038
914
276
1
986
1064
2,4
277
0
1038
914
277
1
986
1064
3,4
278
0
1040
914
278
1
984
1064
278
2
896
238
2,4
279
0
984
1064
279
1
1042
914
2,4
280
0
982
1064
280
1
1042
916
2,4
281
0
982
1062
281
1
1044
916
2,4
282
0
980
1062
282
1
1044
916
2,4
283
0
1046
916
283
1
980
1062
3,4
284
0
980
1062
284
1
1046
918
284
2
1756
358
2,4
285
0
1046
918
285
1
980
1062
2,4
286
0
980
1062
286
1
1046
918
2,4
287
0
1048
918
287
1
978
1062
2,4
288
0
1048
918
288
1
980
1062
3,4
289
0
1048
918
289
1
978
1062
289
2
1746
1502
2,4
290
0
1048
918
290
1
980
1062
2,4
291
0
1048
918
291
1
978
1062
2,4
292
0
980
1062
292
1
1050
918
2,4
293
0
1048
918
293
1
980
1060
3,4
294
0
980
1062
294
1
1048
918
294
2
1022
1382
2,4
295
0
982
1062
295
1
1048
916
2,4
296
0
1048
918
296
1
982
1062
2,4
297
0
982
1062
297
1
1048
916
2,4
298
0
984
1062
298
1
1046
916
2,4
299
0
1046
916
299
1
984
1064
2,4
300
0
1046
916
300
1
986
1064
2,4
301
0
986
1064
301
1
1044
914
2,4
302
0
988
1064
302
1
1044
914
2,4
303
0
990
1064
303
1
1042
914
2,4
304
0
1042
914
304
1
992
1064
3,4
305
0
992
1066
305
1
1042
914
305
2
802
1280
2,4
306
0
994
1066
306
1
1040
912
2,4
307
0
1038
912
307
1
996
1066
2,4
308
0
998
1066
308
1
1036
912
2,4
309
0
1034
912
309
1
1000
1068
2,4
310
0
1032
912
310
1
1002
1068
2,4
311
0
1004
1068
311
1
1030
910
2,4
312
0
1006
1068
312
1
1030
910
2,4
313
0
1008
1068
313
1
1028
910
2,4
314
0
1024
910
314
1
1010
1070
2,4
315
0
1014
1068
315
1
1022
910
2,4
316
0
1016
1070
316
1
1020
908
2,4
317
0
1018
910
317
1
1018
1068
2,4
318
0
1020
1070
318
1
1018
910
2,4
319
0
1024
1070
319
1
1014
908
2,4
320
0
1026
1068
320
1
1012
910
2,4
321
0
1028
1068
321
1
1010
910
2,4
322
0
1006
910
322
1
1030
1068
3,4
323
0
1034
1068
323
1
1004
910
323
2
834
1304
2,4
324
0
1036
1068
324
1
1002
912
2,4
325
0
1038
1066
325
1
998
912
2,4
326
0
996
912
326
1
1040
1066
2,4
327
0
994
914
327
1
1044
1066
2,4
328
0
1046
1064
328
1
992
914
2,4
329
0
1048
1064
329
1
988
914
2,4
330
0
1050
1062
330
1
986
916
2,4
331
0
984
916
331
1
1052
1060
2,4
332
0
1054
1060
332
1
980
918
2,4
333
0
978
920
333
1
1056
1058
2,4
334
0
1058
1058
334
1
976
920
2,4
335
0
1060
1056
335
1
974
922
2,4
336
0
1062
1054
336
1
972
922
2,4
337
0
1064
1052
337
1
970
924
2,4
338
0
1066
1052
338
1
968
926
2,4
339
0
1068
1050
339
1
964
926
2,4
340
0
1068
1048
340
1
964
928
2,4
341
0
1070
1046
341
1
962
930
2,4
342
0
960
930
342
1
1072
1046
2,4
343
0
1072
1044
343
1
958
932
2,4
344
0
956
934
344
1
1074
1042
2,4
345
0
1076
1040
345
1
956
934
2,4
346
0
954
936
346
1
1076
1038
2,4
347
0
952
936
347
1
1078
1036
2,4
348
0
1078
1034
348
1
950
938
3,4
349
0
1078
1032
349
1
948
938
349
2
1154
1098
2,4
350
0
1080
1032
350
1
948
940
2,4
351
0
1080
1030
351
1
948
940
2,4
352
0
1080
1028
352
1
946
942
2,4
353
0
1080
1028
353
1
946
942
2,4
354
0
1080
1026
354
1
944
944
2,4
355
0
1082
1026
355
1
944
944
2,4
356
0
944
944
356
1
1082
1024
2,4
357
0
1082
1024
357
1
942
946
2,4
358
0
1082
1022
358
1
942
946
2,4
359
0
1082
1022
359
1
942
946
3,4
360
0
942
946
360
1
1084
1020
360
2
1866
1698
2,4
361
0
1082
1020
361
1
942
946
3,4
362
0
1082
1020
362
1
942
946
362
2
1612
30
2,4
363
0
1082
1018
363
1
940
946
2,4
364
0
1082
1018
364
1
940
946
2,4
365
0
940
946
365
1
1082
1018
2,4
366
0
940
946
366
1
1082
1018
2,4
367
0
1082
1018
367
1
940
946
2,4
368
0
1082
1018
368
1
940
946
2,4
369
0
1082
1018
369
1
940
944
3,4
370
0
1082
1018
370
1
940
944
370
2
1820
304
2,4
371
0
1082
1018
371
1
940
944
2,4
372
0
1080
1020
372
1
940
942
2,4
373
0
1080
1020
373
1
940
942
2,4
374
0
1080
1020
374
1
942
942
2,4
375
0
942
940
375
1
1078
1022
3,4
376
0
942
940
376
1
1078
1022
376
2
1370
956
2,4
377
0
1078
1024
377
1
944
938
2,4
378
0
1076
1024
378
1
944
936
2,4
379
0
1076
1024
379
1
944
936
2,4
380
0
1074
1026
380
1
944
934
2,4
381
0
1074
1028
381
1
944
934
2,4
382
0
1074
1028
382
1
946
932
2,4
383
0
946
932
383
1
1072
1030
2,4
384
0
1070
1032
384
1
948
930
2,4
385
0
1068
1034
385
1
948
928
2,4
386
0
1068
1034
386
1
950
928
2,4
387
0
1066
1036
387
1
950
926
3,4
388
0
952
924
388
1
1064
1038
388
2
94
468
3,4
389
0
954
924
389
1
1062
1040
389
2
772
1018
2,4
390
0
1060
1042
390
1
954
922
2,4
391
0
956
920
391
1
1058
1044
2,4
392
0
1056
1044
392
1
958
920
2,4
393
0
960
918
393
1
1056
1046
2,4
394
0
1052
1048
394
1
960
918
2,4
395
0
964
916
395
1
1050
1050
3,4
396
0
1048
1052
396
1
964
916
396
2
1554
1398
2,4
397
0
966
914
397
1
1046
1052
2,4
398
0
968
914
398
1
1044
1056
2,4
399
0
970
912
399
1
1040
1056
2,4
400
0
1038
1058
400
1
974
912
2,4
401
0
1036
1058
401
1
976
912
2,4
402
0
978
910
402
1
1032
1060
2,4
403
0
1030
1062
403
1
980
910
2,4
404
0
1028
1062
404
1
982
910
2,4
405
0
984
910
405
1
1024
1064
2,4
406
0
986
910
406
1
1022
1064
2,4
407
0
1020
1066
407
1
990
910
2,4
408
0
1016
1066
408
1
990
910
2,4
409
0
1014
1068
409
1
994
910
2,4
410
0
1010
1068
410
1
996
908
2,4
411
0
998
910
411
1
1008
1068
2,4
412
0
1006
1068
412
1
1000
908
2,4
413
0
1002
910
413
1
1004
1070
2,4
414
0
1000
1070
414
1
1006
910
2,4
415
0
1006
910
415
1
998
1070
2,4
416
0
996
1070
416
1
1008
912
2,4
417
0
994
1070
417
1
1010
912
2,4
418
0
1014
912
418
1
990
1070
2,4
419
0
1014
914
419
1
990
1070
2,4
420
0
1016
914
420
1
986
1070
2,4
421
0
1018
914
421
1
986
1070
2,4
422
0
982
1070
422
1
1020
914
2,4
423
0
980
1070
423
1
1022
916
2,4
424
0
1024
916
424
1
980
1070
2,4
425
0
978
1068
425
1
1024
916
2,4
426
0
976
1068
426
1
1028
918
2,4
427
0
1028
918
427
1
974
1068
2,4
428
0
1030
918
428
1
974
1068
2,4
429
0
974
1068
429
1
1030
918
2,4
430
0
972
1068
430
1
1032
920
2,4
431
0
970
1066
431
1
1034
920
2,4
432
0
1034
920
432
1
970
1066
2,4
433
0
1034
920
433
1
970
1066
2,4
434
0
970
1066
434
1
1036
922
2,4
435
0
1036
922
435
1
970
1066
2,4
436
0
1036
922
436
1
968
1066
2,4
437
0
968
1066
437
1
1038
920
2,4
438
0
968
1066
438
1
1038
922
2,4
439
0
968
1066
439
1
1038
922
2,4
440
0
968
1066
440
1
1038
922
2,4
441
0
968
1066
441
1
1038
922
2,4
442
0
1038
922
442
1
970
1066
2,4
443
0
1038
922
443
1
970
1066
2,4
444
0
970
1066
444
1
1038
920
2,4
445
0
970
1066
445
1
1038
922
2,4
446
0
972
1066
446
1
1038
920
2,4
447
0
972
1066
447
1
1038
920
2,4
448
0
974
1066
448
1
1036
920
2,4
449
0
974
1066
449
1
1036
920
2,4
450
0
1036
920
450
1
976
1066
2,4
451
0
976
1068
451
1
1034
918
2,4
452
0
1034
918
452
1
978
1068
2,4
453
0
980
1068
453
1
1032
918
2,4
454
0
1032
918
454
1
982
1068
2,4
455
0
982
1068
455
1
1030
916
2,4
456
0
984
1070
456
1
1030
916
2,4
457
0
986
1070
457
1
1028
916
2,4
458
0
1026
916
458
1
988
1070
2,4
459
0
990
1070
459
1
1024
916
2,4
460
0
992
1070
460
1
1024
914
2,4
461
0
1020
914
461
1
994
1070
2,4
462
0
996
1072
462
1
1020
914
3,4
463
0
1018
914
463
1
998
1072
463
2
828
838
2,4
464
0
1016
914
464
1
1002
1072
2,4
465
0
1004
1072
465
1
1014
912
2,4
466
0
1006
1072
466
1
1010
912
2,4
467
0
1008
1072
467
1
1008
914
3,4
468
0
1006
912
468
1
1012
1072
468
2
830
836
2,4
469
0
1014
1072
469
1
1004
914
2,4
470
0
1016
1072
470
1
1002
914
2,4
471
0
1000
914
471
1
1018
1072
2,4
472
0
1020
1072
472
1
996
914
2,4
473
0
1024
1072
473
1
994
914
2,4
474
0
1026
1070
474
1
992
914
2,4
475
0
990
916
475
1
1028
1070
2,4
476
0
1032
1070
476
1
986
916
2,4
477
0
1034
1068
477
1
984
916
2,4
478
0
1036
1068
478
1
982
918
2,4
479
0
980
918
479
1
1038
1066
2,4
480
0
976
918
480
1
1042
1066
2,4
481
0
1044
1064
481
1
974
920
2,4
482
0
1044
1062
482
1
972
920
3,4
483
0
1048
1062
483
1
970
922
483
2
1524
1336
2,4
484
0
1050
1060
484
1
966
922
2,4
485
0
1052
1058
485
1
964
924
2,4
486
0
962
926
486
1
1054
1058
2,4
487
0
960
926
487
1
1056
1056
2,4
488
0
1058
1054
488
1
958
928
2,4
489
0
1058
1052
489
1
956
928
2,4
490
0
954
930
490
1
1060
1050
2,4
491
0
1062
1048
491
1
954
932
2,4
492
0
1064
1046
492
1
952
934
2,4
493
0
950
934
493
1
1064
1046
2,4
494
0
1066
1044
494
1
948
936
2,4
495
0
946
936
495
1
1066
1042
2,4
496
0
1068
1040
496
1
944
938
2,4
497
0
1068
1038
497
1
944
938
2,4
498
0
1068
1036
498
1
942
940
2,4
499
0
940
940
499
1
1070
1036
2,4
500
0
1070
1034
500
1
940
942
2,4
501
0
938
942
501
1
1072
1032
2,4
502
0
1072
1030
502
1
938
942
2,4
503
0
1072
1030
503
1
938
944
2,4
504
0
1072
1028
504
1
936
944
3,4
505
0
1074
1026
505
1
936
946
505
2
1824
308
2,4
506
0
1074
1026
506
1
936
946
2,4
507
0
1074
1024
507
1
936
946
2,4
508
0
1074
1024
508
1
934
946
3,4
509
0
1074
1022
509
1
934
948
509
2
794
1096
3,4
510
0
1074
1022
510
1
934
948
510
2
794
1096
2,4
511
0
1074
1020
511
1
932
948
2,4
512
0
1074
1020
512
1
934
948
2,4
513
0
934
948
513
1
1076
1020
2,4
514
0
932
948
514
1
1076
1018
2,4
515
0
1076
1020
515
1
932
948
2,4
516
0
1074
1018
516
1
934
946
2,4
517
0
932
946
517
1
1074
1018
2,4
518
0
1074
1018
518
1
932
946
2,4
519
0
1074
1018
519
1
932
946
2,4
520
0
1074
1020
520
1
932
944
2,4
521
0
1074
1020
521
1
932
944
2,4
522
0
1072
1020
522
1
934
944
2,4
523
0
1072
1020
523
1
934
942
2,4
524
0
1072
1020
524
1
934
942
2,4
525
0
934
940
525
1
1072
1022
3,4
526
0
1070
1022
526
1
934
940
526
2
1556
1392
2,4
527
0
1070
1024
527
1
934
938
2,4
528
0
1070
1024
528
1
936
936
2,4
529
0
1068
1026
529
1
936
936
2,4
530
0
1068
1026
530
1
936
934
2,4
531
0
938
934
531
1
1066
1028
2,4
532
0
1066
1030
532
1
938
932
3,4
533
0
1064
1030
533
1
940
930
533
2
1094
1368
2,4
534
0
940
930
534
1
1062
1032
2,4
535
0
1062
1034
535
1
942
928
2,4
536
0
942
926
536
1
1060
1034
2,4
537
0
944
926
537
1
1058
1036
2,4
538
0
1056
1038
538
1
944
924
3,4
539
0
946
922
539
1
1054
1040
539
2
764
1016
2,4
540
0
1052
1042
540
1
948
920
2,4
541
0
950
920
541
1
1050
1044
2,4
542
0
1048
1044
542
1
950
918
2,4
543
0
952
916
543
1
1046
1046
2,4
544
0
1044
1048
544
1
954
916
2,4
545
0
956
916
545
1
1042
1050
2,4
546
0
958
914
546
1
1040
1050
2,4
547
0
1036
1052
547
1
960
914
2,4
548
0
962
912
548
1
1034
1054
2,4
549
0
1032
1056
549
1
964
912
2,4
550
0
966
910
550
1
1028
1056
2,4
551
0
1026
1058
551
1
968
910
2,4
552
0
1024
1060
552
1
970
910
2,4
553
0
1022
1060
553
1
972
908
2,4
554
0
1018
1062
554
1
974
908
2,4
555
0
1016
1062
555
1
976
908
2,4
556
0
978
908
556
1
1012
1064
2,4
557
0
1010
1064
557
1
980
908
2,4
558
0
982
908
558
1
1008
1066
2,4
559
0
986
908
559
1
1006
1066
2,4
560
0
988
908
560
1
1004
1066
2,4
561
0
1000
1068
561
1
990
908
2,4
562
0
998
1068
562
1
992
908
2,4
563
0
994
908
563
1
996
1068
2,4
564
0
996
908
564
1
992
1068
2,4
565
0
990
1068
565
1
1000
908
2,4
566
0
1002
910
566
1
988
1068
3,4
567
0
986
1068
567
1
1002
910
567
2
838
808
2,4
568
0
1006
910
568
1
984
1070
2,4
569
0
982
1068
569
1
1008
910
2,4
570
0
1010
912
570
1
980
1068
2,4
571
0
978
1068
571
1
1012
912
2,4
572
0
976
1068
572
1
1014
912
2,4
573
0
1014
914
573
1
974
1068
2,4
574
0
1016
914
574
1
972
1066
2,4
575
0
970
1066
575
1
1018
914
3,4
576
0
968
1066
576
1
1020
914
576
2
896
240
2,4
577
0
968
1066
577
1
1020
916
2,4
578
0
966
1066
578
1
1022
916
2,4
579
0
966
1066
579
1
1024
916
2,4
580
0
964
1064
580
1
1024
916
2,4
581
0
964
1064
581
1
1026
916
2,4
582
0
1026
918
582
1
962
1064
2,4
583
0
962
1064
583
1
1028
918
2,4
584
0
962
1062
584
1
1028
918
2,4
585
0
1028
918
585
1
960
1064
2,4
586
0
1028
918
586
1
960
1062
3,4
587
0
960
1062
587
1
1030
918
587
2
1200
250
2,4
588
0
1030
918
588
1
960
1062
2,4
589
0
960
1062
589
1
1030
918
2,4
590
0
960
1062
590
1
1030
918
2,4
591
0
1030
918
591
1
960
1062
2,4
592
0
1030
918
592
1
960
1062
2,4
593
0
962
1062
593
1
1030
918
2,4
594
0
1030
918
594
1
962
1062
2,4
595
0
962
1062
595
1
1030
918
2,4
596
0
1030
918
596
1
964
1062
2,4
597
0
964
1062
597
1
1028
916
2,4
598
0
1028
916
598
1
964
1064
2,4
599
0
1028
916
599
1
966
1064
2,4
600
0
966
1064
600
1
1028
916
2,4
601
0
968
1064
601
1
1026
916
2,4
602
0
970
1064
602
1
1024
916
2,4
603
0
1024
914
603
1
970
1066
2,4
604
0
972
1066
604
1
1024
914
2,4
605
0
974
1066
605
1
1022
914
2,4
606
0
976
1066
606
1
1020
914
2,4
607
0
978
1066
607
1
1020
912
2,4
608
0
980
1068
608
1
1018
912
2,4
609
0
982
1068
609
1
1016
912
2,4
610
0
984
1068
610
1
1014
910
2,4
611
0
986
1068
611
1
1012
912
2,4
612
0
988
1068
612
1
1010
912
2,4
613
0
990
1070
613
1
1008
910
2,4
614
0
992
1070
614
1
1006
910
2,4
615
0
1004
910
615
1
994
1070
2,4
616
0
1002
910
616
1
996
1070
2,4
617
0
1000
1070
617
1
1000
910
2,4
618
0
1002
1070
618
1
998
910
2,4
619
0
1004
1070
619
1
996
910
2,4
620
0
1008
1070
620
1
992
910
2,4
621
0
1010
1070
621
1
990
910
2,4
622
0
1012
1068
622
1
988
912
3,4
623
0
986
912
623
1
1016
1068
623
2
446
1316
2,4
624
0
1018
1068
624
1
982
912
2,4
625
0
980
912
625
1
1020
1068
2,4
626
0
1022
1066
626
1
978
914
2,4
627
0
974
914
627
1
1026
1064
2,4
628
0
1028
1064
628
1
972
914
2,4
629
0
1030
1064
629
1
970
916
2,4
630
0
968
916
630
1
1032
1062
2,4
631
0
1034
1062
631
1
966
918
2,4
632
0
1038
1060
632
1
962
918
2,4
633
0
1038
1058
633
1
960
920
2,4
634
0
958
920
634
1
1042
1058
2,4
635
0
1044
1056
635
1
956
922
2,4
636
0
954
924
636
1
1046
1054
2,4
637
0
952
924
637
1
1048
1052
2,4
638
0
1048
1050
638
1
950
926
3,4
639
0
948
926
639
1
1050
1050
639
2
782
888
2,4
640
0
1052
1048
640
1
946
928
2,4
641
0
944
930
641
1
1054
1046
2,4
642
0
1054
1044
642
1
942
932
3,4
643
0
940
932
643
1
1056
1042
643
2
1236
320
2,4
644
0
1056
1040
644
1
938
934
2,4
645
0
1058
1040
645
1
938
934
2,4
646
0
1060
1038
646
1
936
936
2,4
647
0
1060
1036
647
1
934
938
2,4
648
0
934
938
648
1
1062
1034
2,4
649
0
1062
1032
649
1
932
938
2,4
650
0
1062
1032
650
1
932
940
3,4
651
0
930
940
651
1
1064
1030
651
2
776
1074
2,4
652
0
1064
1028
652
1
930
942
2,4
653
0
1064
1028
653
1
928
942
2,4
654
0
1064
1026
654
1
928
944
3,4
655
0
1066
1024
655
1
928
944
655
2
1114
776
2,4
656
0
928
944
656
1
1066
1024
2,4
657
0
1066
1022
657
1
926
944
3,4
658
0
1066
1022
658
1
926
946
658
2
1552
1394
2,4
659
0
1066
1020
659
1
926
946
2,4
660
0
1066
1020
660
1
926
946
2,4
661
0
1066
1020
661
1
924
946
2,4
662
0
924
946
662
1
1066
1020
3,4
663
0
1066
1018
663
1
924
948
663
2
788
1098
3,4
664
0
1066
1018
664
1
924
946
664
2
1552
1394
2,4
665
0
1066
1018
665
1
924
946
2,4
666
0
924
946
666
1
1066
1018
3,4
667
0
1066
1018
667
1
924
946
667
2
786
1098
3,4
668
0
1066
1018
668
1
924
946
668
2
786
1096
2,4
669
0
1066
1018
669
1
924
944
2,4
670
0
924
944
670
1
1066
1018
2,4
671
0
924
944
671
1
1066
1018
2,4
672
0
926
942
672
1
1066
1020
2,4
673
0
1066
1020
673
1
924
942
2,4
674
0
1064
1020
674
1
926
940
2,4
675
0
1064
1020
675
1
926
940
2,4
676
0
1064
1022
676
1
928
938
2,4
677
0
928
938
677
1
1064
1022
2,4
678
0
1062
1024
678
1
928
936
2,4
679
0
1062
1024
679
1
928
936
2,4
680
0
1060
1026
680
1
930
934
3,4
681
0
1060
1026
681
1
930
932
681
2
772
1060
2,4
682
0
932
932
682
1
1060
1028
2,4
683
0
932
930
683
1
1056
1030
2,4
684
0
1056
1030
684
1
934
930
2,4
685
0
1054
1032
685
1
934
928
2,4
686
0
936
926
686
1
1054
1034
2,4
687
0
1052
1036
687
1
936
924
2,4
688
0
1050
1038
688
1
938
924
2,4
689
0
1048
1040
689
1
940
922
2,4
690
0
942
920
690
1
1048
1040
2,4
691
0
1046
1042
691
1
944
920
2,4
692
0
944
918
692
1
1042
1044
2,4
693
0
1040
1046
693
1
946
918
2,4
694
0
1038
1048
694
1
948
916
2,4
695
0
950
916
695
1
1036
1050
2,4
696
0
1034
1050
696
1
952
914
2,4
697
0
1032
1052
697
1
954
912
2,4
698
0
956
912
698
1
1030
1054
2,4
699
0
958
912
699
1
1028
1056
2,4
700
0
960
910
700
1
1026
1056
2,4
701
0
1022
1058
701
1
964
910
3,4
702
0
964
910
702
1
1020
1058
702
2
772
890
2,4
703
0
1018
1060
703
1
968
908
3,4
704
0
970
908
704
1
1016
1062
704
2
1550
1400
2,4
705
0
1012
1062
705
1
972
908
2,4
706
0
1010
1064
706
1
974
908
2,4
707
0
1008
1064
707
1
976
906
2,4
708
0
1004
1064
708
1
980
908
2,4
709
0
1002
1066
709
1
982
908
2,4
710
0
998
1066
710
1
984
908
2,4
711
0
996
1066
711
1
986
908
2,4
712
0
994
1068
712
1
990
908
2,4
713
0
992
1068
713
1
990
908
2,4
714
0
988
1068
714
1
994
908
2,4
715
0
986
1068
715
1
996
908
2,4
716
0
998
908
716
1
984
1068
2,4
717
0
1000
910
717
1
982
1068
2,4
718
0
980
1068
718
1
1002
910
2,4
719
0
978
1068
719
1
1004
910
2,4
720
0
976
1068
720
1
1006
910
2,4
721
0
974
1066
721
1
1008
912
2,4
722
0
972
1066
722
1
1010
912
2,4
723
0
1012
912
723
1
970
1066
2,4
724
0
1014
914
724
1
968
1066
2,4
725
0
1014
914
725
1
968
1066
2,4
726
0
966
1066
726
1
1016
914
2,4
727
0
1018
914
727
1
964
1064
2,4
728
0
964
1064
728
1
1018
916
2,4
729
0
962
1064
729
1
1020
916
2,4
730
0
962
1064
730
1
1022
916
2,4
731
0
1022
916
731
1
960
1064
2,4
732
0
1024
916
732
1
960
1062
2,4
733
0
960
1062
733
1
1024
916
2,4
734
0
1024
918
734
1
958
1062
2,4
735
0
958
1062
735
1
1026
918
3,4
736
0
1026
918
736
1
958
1062
736
2
872
784
2,4
737
0
958
1062
737
1
1028
918
2,4
738
0
958
1062
738
1
1028
918
2,4
739
0
958
1062
739
1
1028
918
3,4
740
0
958
1062
740
1
1028
918
740
2
1550
1408
2,4
741
0
960
1062
741
1
1028
918
2,4
742
0
960
1062
742
1
1030
918
2,4
743
0
1030
918
743
1
960
1062
2,4
744
0
960
1062
744
1
1028
918
2,4
745
0
962
1062
745
1
1028
916
2,4
746
0
962
1062
746
1
1028
916
2,4
747
0
964
1062
747
1
1028
916
2,4
748
0
964
1062
748
1
1028
916
2,4
749
0
966
1062
749
1
1026
916
2,4
750
0
966
1062
750
1
1026
914
2,4
751
0
968
1062
751
1
1026
914
2,4
752
0
1026
914
752
1
968
1064
3,4
753
0
970
1064
753
1
1024
914
753
2
1124
306
2,4
754
0
972
1064
754
1
1022
912
2,4
755
0
974
1064
755
1
1022
912
3,4
756
0
976
1064
756
1
1020
912
756
2
1554
1404
3,4
757
0
1020
912
757
1
978
1064
757
2
1968
802
2,4
758
0
980
1066
758
1
1016
910
2,4
759
0
982
1066
759
1
1016
910
2,4
760
0
1014
910
760
1
984
1066
2,4
761
0
986
1066
761
1
1014
908
3,4
762
0
988
1066
762
1
1012
908
762
2
850
802
2,4
763
0
990
1066
763
1
1008
908
2,4
764
0
992
1066
764
1
1006
908
2,4
765
0
1004
908
765
1
996
1066
2,4
766
0
1002
908
766
1
998
1068
2,4
767
0
1000
1066
767
1
1000
906
2,4
768
0
1002
1066
768
1
998
906
2,4
769
0
1006
1066
769
1
996
906
3,4
770
0
994
908
770
1
1008
1066
770
2
872
880
2,4
771
0
1010
1066
771
1
992
908
2,4
772
0
1014
1066
772
1
988
908
2,4
773
0
986
908
773
1
1016
1064
2,4
774
0
1018
1064
774
1
982
908
3,4
775
0
982
910
775
1
1022
1064
775
2
792
874
2,4
776
0
1024
1062
776
1
978
910
2,4
777
0
1026
1062
777
1
976
910
2,4
778
0
974
912
778
1
1028
1060
3,4
779
0
1030
1060
779
1
970
912
779
2
888
226
2,4
780
0
1034
1058
780
1
968
912
2,4
781
0
1036
1058
781
1
966
914
2,4
782
0
964
914
782
1
1038
1056
2,4
783
0
1040
1054
783
1
960
916
2,4
784
0
958
916
784
1
1042
1054
2,4
785
0
1044
1052
785
1
956
918
2,4
786
0
1046
1050
786
1
956
918
2,4
787
0
1048
1048
787
1
952
920
2,4
788
0
1050
1046
788
1
950
920
2,4
789
0
950
922
789
1
1052
1046
2,4
790
0
1052
1044
790
1
948
924
2,4
791
0
946
924
791
1
1054
1042
2,4
792
0
1056
1040
792
1
942
926
2,4
793
0
1056
1038
793
1
942
928
2,4
794
0
1058
1036
794
1
940
928
2,4
795
0
1060
1034
795
1
938
928
2,4
796
0
1060
1032
796
1
938
930
2,4
797
0
1060
1030
797
1
936
932
2,4
798
0
1062
1030
798
1
934
932
2,4
799
0
1062
1028
799
1
934
932
2,4
800
0
1064
1026
800
1
932
934
2,4
801
0
932
936
801
1
1064
1024
2,4
802
0
930
936
802
1
1066
1022
2,4
803
0
930
936
803
1
1066
1020
2,4
804
0
1066
1020
804
1
930
938
2,4
805
0
928
938
805
1
1066
1018
2,4
806
0
928
940
806
1
1066
1018
2,4
807
0
1066
1018
807
1
928
940
2,4
808
0
926
940
808
1
1068
1016
2,4
809
0
1068
1014
809
1
926
940
2,4
810
0
1068
1014
810
1
926
940
2,4
811
0
926
940
811
1
1068
1014
2,4
812
0
1068
1012
812
1
926
940
2,4
813
0
1068
1012
813
1
926
940
3,4
814
0
1068
1012
814
1
926
940
814
2
790
1094
3,4
815
0
1068
1012
815
1
926
940
815
2
790
1092
2,4
816
0
1068
1012
816
1
924
938
2,4
817
0
1068
1010
817
1
924
940
2,4
818
0
926
938
818
1
1068
1010
2,4
819
0
1068
1012
819
1
924
938
2,4
820
0
926
938
820
1
1068
1012
2,4
821
0
1066
1012
821
1
926
936
2,4
822
0
926
936
822
1
1066
1012
2,4
823
0
1066
1012
823
1
926
936
2,4
824
0
1066
1012
824
1
926
934
2,4
825
0
928
932
825
1
1064
1014
2,4
826
0
1064
1014
826
1
928
932
2,4
827
0
1064
1016
827
1
928
930
2,4
828
0
1062
1016
828
1
930
930
2,4
829
0
1062
1018
829
1
930
928
2,4
830
0
1062
1018
830
1
930
928
2,4
831
0
1060
1020
831
1
930
926
3,4
832
0
932
924
832
1
1058
1022
832
2
770
1048
2,4
833
0
1058
1022
833
1
932
922
2,4
834
0
1056
1024
834
1
934
922
4,4
835
0
934
920
835
1
1056
1026
835
2
1010
1066
835
3
764
1034
2,4
836
0
936
920
836
1
1054
1028
2,4
837
0
1052
1028
837
1
936
918
2,4
838
0
938
916
838
1
1050
1030
2,4
839
0
1048
1032
839
1
940
916
3,4
840
0
1046
1034
840
1
940
914
840
2
1254
312
2,4
841
0
942
912
841
1
1046
1034
2,4
842
0
1042
1036
842
1
944
912
3,4
843
0
946
910
843
1
1040
1038
843
2
70
1694
2,4
844
0
1038
1040
844
1
948
908
3,4
845
0
1036
1042
845
1
950
908
845
2
1242
1872
2,4
846
0
952
906
846
1
1034
1042
2,4
847
0
1032
1044
847
1
954
906
2,4
848
0
956
904
848
1
1030
1046
2,4
849
0
958
904
849
1
1028
1048
2,4
850
0
1024
1048
850
1
960
902
2,4
851
0
1022
1050
851
1
962
902
2,4
852
0
964
902
852
1
1020
1052
2,4
853
0
1016
1052
853
1
966
900
2,4
854
0
1014
1054
854
1
970
900
2,4
855
0
1012
1054
855
1
970
900
2,4
856
0
974
900
856
1
1008
1056
3,4
857
0
976
900
857
1
1006
1056
857
2
1550
1398
2,4
858
0
978
900
858
1
1004
1058
2,4
859
0
1000
1058
859
1
982
900
2,4
860
0
984
900
860
1
998
1058
2,4
861
0
996
1058
861
1
986
898
2,4
862
0
992
1060
862
1
988
900
3,4
863
0
990
1060
863
1
990
898
863
2
818
816
2,4
864
0
988
1060
864
1
992
900
3,4
865
0
996
900
865
1
986
1060
865
2
828
808
2,4
866
0
984
1060
866
1
998
900
2,4
867
0
982
1060
867
1
1000
900
3,4
868
0
980
1060
868
1
1002
902
868
2
850
892
2,4
869
0
978
1060
869
1
1004
902
2,4
870
0
976
1060
870
1
1006
902
3,4
871
0
974
1060
871
1
1008
904
871
2
1796
1274
3,4
872
0
972
1058
872
1
1010
904
872
2
102
444
2,4
873
0
970
1058
873
1
1012
904
2,4
874
0
968
1058
874
1
1014
906
2,4
875
0
1014
906
875
1
966
1058
2,4
876
0
966
1058
876
1
1016
906
2,4
877
0
964
1056
877
1
1018
908
2,4
878
0
964
1056
878
1
1018
908
2,4
879
0
1020
908
879
1
962
1056
2,4
880
0
962
1056
880
1
1022
908
2,4
881
0
962
1056
881
1
1022
908
2,4
882
0
960
1054
882
1
1024
908
2,4
883
0
960
1054
883
1
1024
908
2,4
884
0
960
1054
884
1
1026
908
2,4
885
0
1026
910
885
1
960
1054
3,4
886
0
1026
910
886
1
958
1054
886
2
1016
1372
2,4
887
0
958
1054
887
1
1028
910
2,4
888
0
1028
910
888
1
958
1054
3,4
889
0
1030
910
889
1
960
1052
889
2
908
758
2,4
890
0
960
1052
890
1
1030
908
2,4
891
0
1030
910
891
1
960
1052
2,4
892
0
1030
910
892
1
962
1054
2,4
893
0
962
1054
893
1
1030
910
2,4
894
0
962
1054
894
1
1030
910
2,4
895
0
962
1054
895
1
1030
908
2,4
896
0
964
1054
896
1
1030
908
2,4
897
0
964
1054
897
1
1030
908
