1,4
0
0
1010
1006
1,4
1
0
1010
1006
1,4
2
0
1010
1006
1,4
3
0
1010
1006
1,4
4
0
1012
1006
1,4
5
0
1010
1006
1,4
6
0
1010
1006
1,4
7
0
1010
1006
1,4
8
0
1010
1004
1,4
9
0
1012
1004
1,4
10
0
1012
1004
1,4
11
0
1012
1004
1,4
12
0
1012
1004
1,4
13
0
1012
1006
1,4
14
0
1012
1004
1,4
15
0
1012
1004
1,4
16
0
1014
1004
1,4
17
0
1014
1004
1,4
18
0
1014
1004
1,4
19
0
1014
1004
1,4
20
0
1014
1004
1,4
21
0
1014
1004
1,4
22
0
1014
1004
1,4
23
0
1014
1004
1,4
24
0
1014
1004
1,4
25
0
1016
1004
1,4
26
0
1014
1004
1,4
27
0
1014
1004
1,4
28
0
1016
1002
1,4
29
0
1014
1004
1,4
30
0
1016
1004
1,4
31
0
1016
1002
1,4
32
0
1016
1002
1,4
33
0
1016
1002
1,4
34
0
1016
1002
1,4
35
0
1016
1002
1,4
36
0
1016
1000
1,4
37
0
1016
1002
1,4
38
0
1016
1000
1,4
39
0
1016
1002
1,4
40
0
1016
1002
1,4
41
0
1016
1002
1,4
42
0
1016
1000
1,4
43
0
1016
1000
1,4
44
0
1016
1000
1,4
45
0
1014
1000
1,4
46
0
1016
1000
1,4
47
0
1014
998
1,4
48
0
1014
998
1,4
49
0
1014
998
1,4
50
0
1014
998
1,4
51
0
1014
996
1,4
52
0
1014
996
1,4
53
0
1014
996
1,4
54
0
1014
996
1,4
55
0
1014
996
1,4
56
0
1014
994
1,4
57
0
1014
996
1,4
58
0
1014
994
1,4
59
0
1016
994
1,4
60
0
1014
994
1,4
61
0
1014
994
1,4
62
0
1014
992
1,4
63
0
1014
994
1,4
64
0
1014
992
1,4
65
0
1014
992
1,4
66
0
1014
992
1,4
67
0
1014
992
1,4
68
0
1014
990
1,4
69
0
1016
990
1,4
70
0
1014
990
1,4
71
0
1014
990
1,4
72
0
1014
990
1,4
73
0
1014
990
1,4
74
0
1014
990
1,4
75
0
1014
990
1,4
76
0
1016
990
1,4
77
0
1014
990
1,4
78
0
1014
990
1,4
79
0
1014
990
1,4
80
0
1014
988
1,4
81
0
1014
988
1,4
82
0
1014
990
1,4
83
0
1016
988
1,4
84
0
1014
988
1,4
85
0
1014
988
1,4
86
0
1014
988
1,4
87
0
1016
988
1,4
88
0
1014
988
1,4
89
0
1014
990
1,4
90
0
1014
990
1,4
91
0
1014
990
1,4
92
0
1014
990
1,4
93
0
1012
990
1,4
94
0
1014
988
1,4
95
0
1014
990
1,4
96
0
1014
988
1,4
97
0
1014
990
1,4
98
0
1012
990
1,4
99
0
1012
990
1,4
100
0
1014
990
1,4
101
0
1014
990
1,4
102
0
1014
990
1,4
103
0
1012
992
1,4
104
0
1012
992
1,4
105
0
1012
992
1,4
106
0
1012
992
1,4
107
0
1014
994
1,4
108
0
1012
992
1,4
109
0
1012
992
1,4
110
0
1014
992
1,4
111
0
1014
994
1,4
112
0
1012
992
1,4
113
0
1012
994
1,4
114
0
1012
994
1,4
115
0
1012
994
1,4
116
0
1012
996
1,4
117
0
1014
994
1,4
118
0
1012
994
1,4
119
0
1012
996
1,4
120
0
1012
996
1,4
121
0
1012
996
1,4
122
0
1014
996
1,4
123
0
1014
996
1,4
124
0
1012
996
1,4
125
0
1012
996
1,4
126
0
1012
996
1,4
127
0
1014
996
1,4
128
0
1012
994
1,4
129
0
1012
996
1,4
130
0
1014
996
1,4
131
0
1012
996
1,4
132
0
1014
996
1,4
133
0
1014
996
1,4
134
0
1014
996
1,4
135
0
1014
996
1,4
136
0
1014
996
1,4
137
0
1014
996
1,4
138
0
1016
996
1,4
139
0
1016
994
1,4
140
0
1016
996
1,4
141
0
1016
994
1,4
142
0
1016
994
1,4
143
0
1018
994
1,4
144
0
1018
994
1,4
145
0
1016
994
1,4
146
0
1018
994
1,4
147
0
1018
994
1,4
148
0
1020
994
1,4
149
0
1018
994
1,4
150
0
1020
994
1,4
151
0
1020
994
1,4
152
0
1020
994
1,4
153
0
1020
994
1,4
154
0
1020
994
1,4
155
0
1020
994
1,4
156
0
1020
992
1,4
157
0
1020
994
1,4
158
0
1020
994
1,4
159
0
1020
992
1,4
160
0
1022
992
1,4
161
0
1022
992
1,4
162
0
1022
992
1,4
163
0
1022
992
1,4
164
0
1024
992
1,4
165
0
1024
992
1,4
166
0
1024
992
1,4
167
0
1024
992
1,4
168
0
1024
992
1,4
169
0
1024
992
1,4
170
0
1024
992
1,4
171
0
1024
992
1,4
172
0
1026
992
1,4
173
0
1024
990
1,4
174
0
1026
992
1,4
175
0
1024
990
1,4
176
0
1024
990
1,4
177
0
1026
990
1,4
178
0
1026
990
1,4
179
0
1024
990
1,4
180
0
1026
990
1,4
181
0
1026
990
1,4
182
0
1026
990
1,4
183
0
1024
990
1,4
184
0
1026
990
1,4
185
0
1024
990
1,4
186
0
1026
988
1,4
187
0
1026
990
1,4
188
0
1024
988
1,4
189
0
1024
988
1,4
190
0
1024
988
1,4
191
0
1024
988
1,4
192
0
1024
988
1,4
193
0
1024
988
1,4
194
0
1024
986
1,4
195
0
1022
986
1,4
196
0
1024
986
1,4
197
0
1024
986
1,4
198
0
1024
984
1,4
199
0
1024
984
1,4
200
0
1022
984
1,4
201
0
1022
984
1,4
202
0
1022
984
1,4
203
0
1022
984
1,4
204
0
1022
984
1,4
205
0
1022
984
1,4
206
0
1022
984
1,4
207
0
1022
982
1,4
208
0
1020
982
1,4
209
0
1020
982
1,4
210
0
1020
982
1,4
211
0
1020
982
1,4
212
0
1020
980
1,4
213
0
1020
982
1,4
214
0
1022
982
1,4
215
0
1020
980
1,4
216
0
1020
980
1,4
217
0
1022
980
1,4
218
0
1020
980
1,4
219
0
1022
980
1,4
220
0
1020
980
1,4
221
0
1020
978
1,4
222
0
1020
978
1,4
223
0
1020
978
1,4
224
0
1020
978
1,4
225
0
1020
978
1,4
226
0
1020
978
1,4
227
0
1020
978
1,4
228
0
1020
978
1,4
229
0
1020
978
1,4
230
0
1020
978
1,4
231
0
1020
976
1,4
232
0
1020
978
1,4
233
0
1018
978
1,4
234
0
1020
976
1,4
235
0
1018
978
1,4
236
0
1020
978
1,4
237
0
1018
978
1,4
238
0
1018
978
1,4
239
0
1018
978
1,4
240
0
1018
978
1,4
241
0
1018
980
1,4
242
0
1018
980
1,4
243
0
1018
980
1,4
244
0
1018
980
1,4
245
0
1016
980
1,4
246
0
1016
980
1,4
247
0
1016
980
1,4
248
0
1016
980
1,4
249
0
1018
980
1,4
250
0
1016
982
1,4
251
0
1016
982
1,4
252
0
1016
982
1,4
253
0
1016
982
1,4
254
0
1016
984
1,4
255
0
1014
984
1,4
256
0
1014
984
1,4
257
0
1014
984
1,4
258
0
1016
984
1,4
259
0
1014
984
1,4
260
0
1014
986
1,4
261
0
1014
986
1,4
262
0
1012
986
1,4
263
0
1014
986
1,4
264
0
1014
986
1,4
265
0
1012
986
1,4
266
0
1014
986
1,4
267
0
1014
986
1,4
268
0
1012
988
1,4
269
0
1012
988
1,4
270
0
1014
988
1,4
271
0
1012
988
1,4
272
0
1012
988
1,4
273
0
1010
988
1,4
274
0
1014
988
1,4
275
0
1014
990
1,4
276
0
1012
990
1,4
277
0
1012
990
1,4
278
0
1012
990
1,4
279
0
1012
990
1,4
280
0
1012
990
1,4
281
0
1012
990
1,4
282
0
1012
990
1,4
283
0
1012
990
1,4
284
0
1014
990
1,4
285
0
1012
988
1,4
286
0
1014
990
1,4
287
0
1014
990
1,4
288
0
1014
990
1,4
289
0
1014
990
1,4
290
0
1014
990
1,4
291
0
1014
990
1,4
292
0
1014
990
1,4
293
0
1014
990
1,4
294
0
1016
990
1,4
295
0
1014
990
1,4
296
0
1014
990
1,4
297
0
1014
990
1,4
298
0
1016
990
1,4
299
0
1016
990
1,4
300
0
1016
990
1,4
301
0
1016
990
1,4
302
0
1016
990
1,4
303
0
1016
990
1,4
304
0
1016
990
1,4
305
0
1016
990
1,4
306
0
1016
990
1,4
307
0
1016
990
1,4
308
0
1016
990
1,4
309
0
1016
990
1,4
310
0
1018
990
1,4
311
0
1018
990
1,4
312
0
1018
990
1,4
313
0
1018
990
1,4
314
0
1018
990
1,4
315
0
1018
990
1,4
316
0
1020
990
1,4
317
0
1018
990
1,4
318
0
1020
990
1,4
319
0
1018
990
1,4
320
0
1020
990
1,4
321
0
1018
990
1,4
322
0
1018
990
1,4
323
0
1018
990
1,4
324
0
1020
988
1,4
325
0
1020
990
1,4
326
0
1020
990
1,4
327
0
1018
990
1,4
328
0
1018
990
1,4
329
0
1020
990
1,4
330
0
1020
988
1,4
331
0
1018
990
1,4
332
0
1018
990
1,4
333
0
1018
988
1,4
334
0
1018
988
1,4
335
0
1018
990
1,4
336
0
1018
990
1,4
337
0
1018
988
1,4
338
0
1018
988
1,4
339
0
1018
988
1,4
340
0
1018
988
1,4
341
0
1016
988
1,4
342
0
1016
988
1,4
343
0
1016
988
1,4
344
0
1016
988
1,4
345
0
1016
986
1,4
346
0
1016
986
1,4
347
0
1016
986
1,4
348
0
1016
986
1,4
349
0
1016
986
1,4
350
0
1014
984
1,4
351
0
1014
986
1,4
352
0
1014
984
1,4
353
0
1014
984
1,4
354
0
1014
986
1,4
355
0
1014
984
1,4
356
0
1014
984
1,4
357
0
1014
984
1,4
358
0
1012
984
1,4
359
0
1014
984
1,4
360
0
1014
984
1,4
361
0
1012
982
1,4
362
0
1012
982
1,4
363
0
1010
982
1,4
364
0
1012
984
1,4
365
0
1012
982
1,4
366
0
1012
982
1,4
367
0
1012
982
1,4
368
0
1012
982
1,4
369
0
1012
980
1,4
370
0
1012
980
1,4
371
0
1012
980
1,4
372
0
1010
980
1,4
373
0
1010
980
1,4
374
0
1010
980
1,4
375
0
1010
980
1,4
376
0
1010
980
1,4
377
0
1012
980
1,4
378
0
1010
980
1,4
379
0
1010
980
1,4
380
0
1010
982
1,4
381
0
1010
980
1,4
382
0
1010
980
1,4
383
0
1010
982
1,4
384
0
1010
982
1,4
385
0
1008
980
1,4
386
0
1010
982
1,4
387
0
1010
980
1,4
388
0
1010
980
1,4
389
0
1008
982
1,4
390
0
1008
982
1,4
391
0
1008
982
1,4
392
0
1008
982
1,4
393
0
1008
982
1,4
394
0
1008
982
1,4
395
0
1008
984
1,4
396
0
1006
984
1,4
397
0
1008
984
1,4
398
0
1006
984
1,4
399
0
1006
986
1,4
400
0
1006
986
1,4
401
0
1006
986
1,4
402
0
1006
986
1,4
403
0
1006
986
1,4
404
0
1006
986
1,4
405
0
1004
986
1,4
406
0
1006
988
1,4
407
0
1006
988
1,4
408
0
1004
988
1,4
409
0
1004
988
1,4
410
0
1004
988
1,4
411
0
1002
990
1,4
412
0
1004
990
1,4
413
0
1004
990
1,4
414
0
1002
990
1,4
415
0
1002
992
1,4
416
0
1002
992
1,4
417
0
1002
992
1,4
418
0
1002
992
1,4
419
0
1002
992
1,4
420
0
1002
992
1,4
421
0
1002
992
1,4
422
0
1002
994
1,4
423
0
1002
994
1,4
424
0
1002
994
1,4
425
0
1002
994
1,4
426
0
1000
994
1,4
427
0
1002
992
1,4
428
0
1000
994
1,4
429
0
1002
994
1,4
430
0
1002
994
1,4
431
0
1002
994
1,4
432
0
1002
994
1,4
433
0
1002
994
1,4
434
0
1002
994
1,4
435
0
1004
994
1,4
436
0
1004
994
1,4
437
0
1002
994
1,4
438
0
1002
994
1,4
439
0
1004
994
1,4
440
0
1002
994
1,4
441
0
1004
994
1,4
442
0
1004
994
1,4
443
0
1004
994
1,4
444
0
1004
994
1,4
445
0
1004
994
1,4
446
0
1004
994
1,4
447
0
1004
992
1,4
448
0
1006
994
1,4
449
0
1006
994
1,4
450
0
1004
994
1,4
451
0
1006
994
1,4
452
0
1004
994
1,4
453
0
1006
994
1,4
454
0
1006
994
1,4
455
0
1008
992
1,4
456
0
1006
994
1,4
457
0
1006
994
1,4
458
0
1008
994
1,4
459
0
1008
992
1,4
460
0
1008
994
1,4
461
0
1008
994
1,4
462
0
1008
994
1,4
463
0
1008
994
1,4
464
0
1010
992
1,4
465
0
1008
994
1,4
466
0
1008
994
1,4
467
0
1008
994
1,4
468
0
1008
994
1,4
469
0
1010
992
1,4
470
0
1008
994
1,4
471
0
1008
994
1,4
472
0
1010
994
1,4
473
0
1008
994
1,4
474
0
1008
992
1,4
475
0
1008
992
1,4
476
0
1010
992
1,4
477
0
1010
992
1,4
478
0
1010
992
1,4
479
0
1010
992
1,4
480
0
1010
992
1,4
481
0
1008
992
1,4
482
0
1008
992
1,4
483
0
1010
990
1,4
484
0
1008
992
1,4
485
0
1008
992
1,4
486
0
1008
992
1,4
487
0
1008
990
1,4
488
0
1008
992
1,4
489
0
1008
992
1,4
490
0
1008
990
1,4
491
0
1008
990
1,4
492
0
1008
990
1,4
493
0
1008
990
1,4
494
0
1006
990
1,4
495
0
1006
988
1,4
496
0
1008
988
1,4
497
0
1006
988
1,4
498
0
1006
986
1,4
499
0
1006
988
1,4
500
0
1006
986
1,4
501
0
1006
986
1,4
502
0
1006
986
1,4
503
0
1006
986
1,4
504
0
1004
986
1,4
505
0
1004
986
1,4
506
0
1006
986
1,4
507
0
1004
986
1,4
508
0
1004
986
1,4
509
0
1004
984
1,4
510
0
1006
984
1,4
511
0
1004
984
1,4
512
0
1004
984
1,4
513
0
1004
984
1,4
514
0
1006
984
1,4
515
0
1004
982
1,4
516
0
1004
982
1,4
517
0
1004
982
1,4
518
0
1004
982
1,4
519
0
1004
982
1,4
520
0
1004
982
1,4
521
0
1004
982
1,4
522
0
1004
982
1,4
523
0
1004
980
1,4
524
0
1004
982
1,4
525
0
1002
982
1,4
526
0
1004
982
1,4
527
0
1004
980
1,4
528
0
1002
982
1,4
529
0
1004
980
1,4
530
0
1002
980
1,4
531
0
1002
980
1,4
532
0
1002
980
1,4
533
0
1002
980
1,4
534
0
1002
982
1,4
535
0
1002
980
1,4
536
0
1002
982
1,4
537
0
1002
980
1,4
538
0
1000
982
1,4
539
0
1002
982
1,4
540
0
1000
982
1,4
541
0
1000
982
1,4
542
0
1000
982
1,4
543
0
1000
982
1,4
544
0
1000
982
1,4
545
0
998
982
1,4
546
0
998
982
1,4
547
0
998
984
1,4
548
0
998
984
1,4
549
0
998
984
1,4
550
0
998
984
1,4
551
0
996
984
1,4
552
0
996
984
1,4
553
0
998
984
1,4
554
0
998
986
1,4
555
0
996
986
1,4
556
0
996
986
1,4
557
0
996
986
1,4
558
0
996
986
1,4
559
0
996
986
1,4
560
0
994
988
1,4
561
0
996
988
1,4
562
0
994
988
1,4
563
0
996
988
1,4
564
0
994
990
1,4
565
0
994
990
1,4
566
0
994
990
1,4
567
0
994
988
1,4
568
0
994
988
1,4
569
0
994
990
1,4
570
0
994
992
1,4
571
0
994
992
1,4
572
0
994
990
1,4
573
0
994
992
1,4
574
0
994
990
1,4
575
0
994
990
1,4
576
0
994
990
1,4
577
0
994
990
1,4
578
0
994
990
1,4
579
0
994
992
1,4
580
0
994
992
1,4
581
0
994
990
1,4
582
0
996
990
1,4
583
0
996
992
1,4
584
0
994
990
1,4
585
0
994
990
1,4
586
0
994
990
1,4
587
0
996
992
1,4
588
0
996
990
1,4
589
0
996
992
1,4
590
0
994
990
1,4
591
0
996
990
1,4
592
0
996
992
1,4
593
0
996
992
1,4
594
0
996
992
1,4
595
0
996
992
1,4
596
0
996
990
1,4
597
0
996
990
1,4
598
0
996
990
1,4
599
0
998
992
1,4
600
0
998
990
1,4
601
0
998
990
1,4
602
0
998
990
1,4
603
0
998
990
1,4
604
0
998
990
1,4
605
0
998
990
1,4
606
0
998
992
1,4
607
0
998
990
1,4
608
0
998
992
1,4
609
0
1000
990
1,4
610
0
1000
990
1,4
611
0
998
990
1,4
612
0
1000
990
1,4
613
0
1000
990
1,4
614
0
1000
990
1,4
615
0
1000
992
1,4
616
0
998
990
1,4
617
0
1000
990
1,4
618
0
1000
990
1,4
619
0
1000
990
1,4
620
0
1000
990
1,4
621
0
1000
992
1,4
622
0
1000
990
1,4
623
0
1002
990
1,4
624
0
1000
990
1,4
625
0
1000
990
1,4
626
0
1000
990
1,4
627
0
1000
990
1,4
628
0
1000
990
1,4
629
0
1000
990
1,4
630
0
1002
988
1,4
631
0
1000
990
1,4
632
0
1000
990
1,4
633
0
1000
990
1,4
634
0
1000
990
1,4
635
0
1000
990
1,4
636
0
1000
988
1,4
637
0
1000
988
1,4
638
0
998
988
1,4
639
0
998
988
1,4
640
0
1000
986
1,4
641
0
998
988
1,4
642
0
1000
988
1,4
643
0
998
986
1,4
644
0
998
986
1,4
645
0
998
986
1,4
646
0
998
986
1,4
647
0
998
986
1,4
648
0
998
986
1,4
649
0
998
986
1,4
650
0
998
984
1,4
651
0
996
986
1,4
652
0
996
984
1,4
653
0
996
986
1,4
654
0
998
984
1,4
655
0
996
986
1,4
656
0
996
982
1,4
657
0
996
984
1,4
658
0
996
982
1,4
659
0
996
984
1,4
660
0
996
982
1,4
661
0
996
982
1,4
662
0
996
982
1,4
663
0
996
982
1,4
664
0
996
982
1,4
665
0
996
982
1,4
666
0
996
982
1,4
667
0
996
982
1,4
668
0
996
982
1,4
669
0
996
982
1,4
670
0
994
982
1,4
671
0
996
982
1,4
672
0
994
980
1,4
673
0
996
980
1,4
674
0
996
980
1,4
675
0
996
980
1,4
676
0
996
980
1,4
677
0
996
980
1,4
678
0
996
980
1,4
679
0
994
980
1,4
680
0
996
980
1,4
681
0
996
980
1,4
682
0
996
980
1,4
683
0
996
980
1,4
684
0
996
980
1,4
685
0
994
980
1,4
686
0
996
980
1,4
687
0
994
980
1,4
688
0
996
980
1,4
689
0
996
982
1,4
690
0
994
980
1,4
691
0
994
982
1,4
692
0
994
982
1,4
693
0
994
982
1,4
694
0
994
980
1,4
695
0
994
982
1,4
696
0
994
982
1,4
697
0
994
984
1,4
698
0
992
982
1,4
699
0
992
984
1,4
700
0
994
984
1,4
701
0
994
986
1,4
702
0
994
984
1,4
703
0
992
986
1,4
704
0
992
984
1,4
705
0
992
986
1,4
706
0
994
986
1,4
707
0
992
986
1,4
708
0
992
986
1,4
709
0
992
986
1,4
710
0
992
986
1,4
711
0
992
988
1,4
712
0
990
988
1,4
713
0
992
988
1,4
714
0
990
988
1,4
715
0
990
988
1,4
716
0
992
988
1,4
717
0
990
988
1,4
718
0
992
988
1,4
719
0
990
990
1,4
720
0
992
990
1,4
721
0
992
990
1,4
722
0
990
990
1,4
723
0
990
990
1,4
724
0
990
990
1,4
725
0
992
990
1,4
726
0
992
990
1,4
727
0
992
990
1,4
728
0
992
990
1,4
729
0
990
990
1,4
730
0
990
990
1,4
731
0
992
990
1,4
732
0
992
990
1,4
733
0
992
990
1,4
734
0
994
990
1,4
735
0
992
990
1,4
736
0
992
990
1,4
737
0
994
990
1,4
738
0
994
990
1,4
739
0
994
990
1,4
740
0
994
990
1,4
741
0
994
990
1,4
742
0
996
990
1,4
743
0
996
990
1,4
744
0
996
990
1,4
745
0
996
990
1,4
746
0
996
990
1,4
747
0
996
988
1,4
748
0
996
988
1,4
749
0
998
990
1,4
750
0
996
990
1,4
751
0
998
988
1,4
752
0
996
988
1,4
753
0
998
988
1,4
754
0
998
990
1,4
755
0
998
988
1,4
756
0
998
988
1,4
757
0
998
988
1,4
758
0
998
988
1,4
759
0
1000
988
1,4
760
0
1000
988
1,4
761
0
1000
988
1,4
762
0
1000
988
1,4
763
0
1000
988
1,4
764
0
1000
988
1,4
765
0
1002
988
1,4
766
0
1002
988
1,4
767
0
1000
988
1,4
768
0
1000
988
1,4
769
0
1000
988
1,4
770
0
1000
986
1,4
771
0
1002
986
1,4
772
0
1002
988
1,4
773
0
1002
988
1,4
774
0
1002
986
1,4
775
0
1002
986
1,4
776
0
1002
986
1,4
777
0
1000
986
1,4
778
0
1002
986
1,4
779
0
1002
986
1,4
780
0
1002
986
1,4
781
0
1000
986
1,4
782
0
1002
984
1,4
783
0
1000
986
1,4
784
0
1000
986
1,4
785
0
1002
984
1,4
786
0
1002
984
1,4
787
0
1000
982
1,4
788
0
1000
984
1,4
789
0
1000
984
1,4
790
0
1000
984
1,4
791
0
1000
984
1,4
792
0
1000
984
1,4
793
0
1000
982
1,4
794
0
1000
982
1,4
795
0
1000
982
1,4
796
0
1000
980
1,4
797
0
1000
982
1,4
798
0
998
980
1,4
799
0
998
980
1,4
800
0
998
978
1,4
801
0
998
980
1,4
802
0
998
980
1,4
803
0
998
978
1,4
804
0
998
978
1,4
805
0
996
978
1,4
806
0
998
978
1,4
807
0
996
978
1,4
808
0
998
976
1,4
809
0
996
978
1,4
810
0
998
976
1,4
811
0
996
976
1,4
812
0
996
976
1,4
813
0
996
976
1,4
814
0
996
974
1,4
815
0
998
976
1,4
816
0
998
974
1,4
817
0
998
974
1,4
818
0
998
974
1,4
819
0
996
974
1,4
820
0
998
974
1,4
821
0
996
974
1,4
822
0
996
974
1,4
823
0
996
972
1,4
824
0
996
972
1,4
825
0
996
974
1,4
826
0
998
974
1,4
827
0
996
972
1,4
828
0
996
974
1,4
829
0
996
972
1,4
830
0
996
972
1,4
831
0
996
972
1,4
832
0
996
972
1,4
833
0
996
974
1,4
834
0
996
972
1,4
835
0
996
972
1,4
836
0
994
974
1,4
837
0
994
972
1,4
838
0
996
972
1,4
839
0
994
972
1,4
840
0
994
972
1,4
841
0
994
974
1,4
842
0
994
974
1,4
843
0
994
974
1,4
844
0
994
974
1,4
845
0
994
976
1,4
846
0
992
974
1,4
847
0
994
974
1,4
848
0
994
976
1,4
849
0
994
974
1,4
850
0
992
976
1,4
851
0
992
976
1,4
852
0
992
976
1,4
853
0
992
976
1,4
854
0
992
976
1,4
855
0
992
978
1,4
856
0
990
978
1,4
857
0
992
978
1,4
858
0
990
978
1,4
859
0
990
978
1,4
860
0
990
980
1,4
861
0
990
980
1,4
862
0
990
980
1,4
863
0
992
980
1,4
864
0
992
980
1,4
865
0
990
980
1,4
866
0
992
982
1,4
867
0
990
980
1,4
868
0
992
980
1,4
869
0
992
982
1,4
870
0
990
982
1,4
871
0
990
982
1,4
872
0
992
982
1,4
873
0
990
982
1,4
874
0
992
982
1,4
875
0
992
982
1,4
876
0
990
982
1,4
877
0
992
982
1,4
878
0
992
982
1,4
879
0
992
982
1,4
880
0
992
982
1,4
881
0
994
982
1,4
882
0
994
982
1,4
883
0
992
982
1,4
884
0
992
984
1,4
885
0
992
982
1,4
886
0
994
982
1,4
887
0
994
982
1,4
888
0
992
982
1,4
889
0
994
982
1,4
890
0
994
982
1,4
891
0
994
982
1,4
892
0
996
980
1,4
893
0
996
982
1,4
894
0
996
982
1,4
895
0
996
980
1,4
896
0
998
982
1,4
897
0
998
982
